   1.9790417e+03   1.1597619e+00
   1.9791250e+03   1.0619048e+00
   1.9792083e+03   1.0671429e+00
   1.9792917e+03   9.0547619e-01
   1.9793750e+03   7.3119048e-01
   1.9794583e+03   9.7071429e-01
   1.9795417e+03   1.1788095e+00
   1.9796250e+03   1.2216667e+00
   1.9797083e+03   1.0328571e+00
   1.9797917e+03   8.3666667e-01
   1.9798750e+03   4.9476190e-01
   1.9799583e+03   6.6928571e-01
   1.9800417e+03   6.0976190e-01
   1.9801250e+03   8.4190476e-01
   1.9802083e+03   7.6714286e-01
   1.9802917e+03   8.8547619e-01
   1.9803750e+03   6.6119048e-01
   1.9804583e+03   6.4071429e-01
   1.9805417e+03   9.6880952e-01
   1.9806250e+03   1.1616667e+00
   1.9807083e+03   1.6528571e+00
   1.9807917e+03   1.2666667e+00
   1.9808750e+03   9.3476190e-01
   1.9809583e+03   9.1928571e-01
   1.9810417e+03   6.5976190e-01
   1.9811250e+03   4.8190476e-01
   1.9812083e+03   3.5714286e-01
   1.9812917e+03   4.6547619e-01
   1.9813750e+03   6.7119048e-01
   1.9814583e+03   8.7071429e-01
   1.9815417e+03   1.1388095e+00
   1.9816250e+03   1.0216667e+00
   1.9817083e+03   1.1228571e+00
   1.9817917e+03   9.4666667e-01
   1.9818750e+03   4.8476190e-01
   1.9819583e+03   6.6928571e-01
   1.9820417e+03   9.2976190e-01
   1.9821250e+03   8.5190476e-01
   1.9822083e+03   7.6714286e-01
   1.9822917e+03   9.2547619e-01
   1.9823750e+03   8.4119048e-01
   1.9824583e+03   9.2071429e-01
   1.9825417e+03   1.2388095e+00
   1.9826250e+03   1.3216667e+00
   1.9827083e+03   1.2828571e+00
   1.9827917e+03   1.5066667e+00
   1.9828750e+03   1.1847619e+00
   1.9829583e+03   9.6928571e-01
   1.9830417e+03   6.8976190e-01
   1.9831250e+03   8.9190476e-01
   1.9832083e+03   8.1714286e-01
   1.9832917e+03   6.2547619e-01
   1.9833750e+03   3.6119048e-01
   1.9834583e+03   7.4071429e-01
   1.9835417e+03   1.4388095e+00
   1.9836250e+03   1.3716667e+00
   1.9837083e+03   1.3728571e+00
   1.9837917e+03   1.4166667e+00
   1.9838750e+03   1.0147619e+00
   1.9839583e+03   6.2928571e-01
   1.9840417e+03   2.1976190e-01
   1.9841250e+03   1.8190476e-01
   1.9842083e+03   3.0714286e-01
   1.9842917e+03   4.6547619e-01
   1.9843750e+03   4.5119048e-01
   1.9844583e+03   5.9071429e-01
   1.9845417e+03   8.4880952e-01
   1.9846250e+03   9.5166667e-01
   1.9847083e+03   7.9285714e-01
   1.9847917e+03   6.4666667e-01
   1.9848750e+03   3.9476190e-01
   1.9849583e+03   3.1928571e-01
   1.9850417e+03   4.6976190e-01
   1.9851250e+03   3.5190476e-01
   1.9852083e+03   6.1714286e-01
   1.9852917e+03   8.1547619e-01
   1.9853750e+03   9.4119048e-01
   1.9854583e+03   6.6071429e-01
   1.9855417e+03   6.0880952e-01
   1.9856250e+03   5.8166667e-01
   1.9857083e+03   6.8285714e-01
   1.9857917e+03   6.3666667e-01
   1.9858750e+03   5.7476190e-01
   1.9859583e+03   3.7928571e-01
   1.9860417e+03   6.3976190e-01
   1.9861250e+03   6.6190476e-01
   1.9862083e+03   6.3714286e-01
   1.9862917e+03   5.1547619e-01
   1.9863750e+03   2.5119048e-01
   1.9864583e+03   4.2071429e-01
   1.9865417e+03   1.0188095e+00
   1.9866250e+03   1.1616667e+00
   1.9867083e+03   1.3928571e+00
   1.9867917e+03   1.5666667e+00
   1.9868750e+03   1.0047619e+00
   1.9869583e+03   5.4928571e-01
   1.9870417e+03   7.1976190e-01
   1.9871250e+03   9.3190476e-01
   1.9872083e+03   5.4714286e-01
   1.9872917e+03   6.6547619e-01
   1.9873750e+03   6.1119048e-01
   1.9874583e+03   9.3071429e-01
   1.9875417e+03   1.1988095e+00
   1.9876250e+03   8.1166667e-01
   1.9877083e+03   1.2628571e+00
   1.9877917e+03   1.1366667e+00
   1.9878750e+03   7.7476190e-01
   1.9879583e+03   7.4928571e-01
   1.9880417e+03   7.0976190e-01
   1.9881250e+03   4.6190476e-01
   1.9882083e+03   6.8714286e-01
   1.9882917e+03   5.7547619e-01
   1.9883750e+03   4.3119048e-01
   1.9884583e+03   3.8071429e-01
   1.9885417e+03   6.7880952e-01
   1.9886250e+03   1.0716667e+00
   1.9887083e+03   1.3528571e+00
   1.9887917e+03   1.2166667e+00
   1.9888750e+03   8.8476190e-01
   1.9889583e+03   9.5928571e-01
   1.9890417e+03   6.9976190e-01
   1.9891250e+03   3.8190476e-01
   1.9892083e+03   1.4714286e-01
   1.9892917e+03  -2.1452381e-01
   1.9893750e+03  -8.8809524e-02
   1.9894583e+03   6.8071429e-01
   1.9895417e+03   9.9880952e-01
   1.9896250e+03   1.0616667e+00
   1.9897083e+03   9.9285714e-01
   1.9897917e+03   9.1666667e-01
   1.9898750e+03   6.7476190e-01
   1.9899583e+03   7.1928571e-01
   1.9900417e+03   5.2976190e-01
   1.9901250e+03   4.6190476e-01
   1.9902083e+03   5.9714286e-01
   1.9902917e+03   1.0547619e-01
   1.9903750e+03   1.0119048e-01
   1.9904583e+03   8.0714286e-02
   1.9905417e+03   1.1880952e-01
   1.9906250e+03  -1.8333333e-02
   1.9907083e+03   1.2285714e-01
   1.9907917e+03   5.6666667e-01
   1.9908750e+03   6.3476190e-01
   1.9909583e+03   4.3928571e-01
   1.9910417e+03   1.0976190e-01
   1.9911250e+03   1.3190476e-01
   1.9912083e+03   1.4714286e-01
   1.9912917e+03   3.1547619e-01
   1.9913750e+03   3.4119048e-01
   1.9914583e+03   5.5071429e-01
   1.9915417e+03   3.7880952e-01
   1.9916250e+03   6.0166667e-01
   1.9917083e+03   4.5285714e-01
   1.9917917e+03   6.2666667e-01
   1.9918750e+03   4.3476190e-01
   1.9919583e+03   2.7928571e-01
   1.9920417e+03   3.8976190e-01
   1.9921250e+03   3.4190476e-01
   1.9922083e+03   2.0714286e-01
   1.9922917e+03   1.3547619e-01
   1.9923750e+03   9.1190476e-02
   1.9924583e+03   5.9071429e-01
   1.9925417e+03   1.1888095e+00
   1.9926250e+03   1.1116667e+00
   1.9927083e+03   1.4528571e+00
   1.9927917e+03   1.4066667e+00
   1.9928750e+03   9.3476190e-01
   1.9929583e+03   7.3928571e-01
   1.9930417e+03   6.4976190e-01
   1.9931250e+03   5.7190476e-01
   1.9932083e+03   5.3714286e-01
   1.9932917e+03   5.3547619e-01
   1.9933750e+03   2.4119048e-01
   1.9934583e+03   3.1071429e-01
   1.9935417e+03   3.4880952e-01
   1.9936250e+03   5.1166667e-01
   1.9937083e+03   3.8285714e-01
   1.9937917e+03   8.7666667e-01
   1.9938750e+03   8.7476190e-01
   1.9939583e+03   6.4928571e-01
   1.9940417e+03   4.7976190e-01
   1.9941250e+03   4.4190476e-01
   1.9942083e+03   2.7714286e-01
   1.9942917e+03   3.4547619e-01
   1.9943750e+03   4.9119048e-01
   1.9944583e+03   4.6071429e-01
   1.9945417e+03   7.9880952e-01
   1.9946250e+03   8.2166667e-01
   1.9947083e+03   1.1228571e+00
   1.9947917e+03   1.0066667e+00
   1.9948750e+03   6.7476190e-01
   1.9949583e+03   5.9928571e-01
   1.9950417e+03   3.3976190e-01
   1.9951250e+03   1.1190476e-01
   1.9952083e+03  -1.2857143e-02
   1.9952917e+03  -9.4523810e-02
   1.9953750e+03  -1.5880952e-01
   1.9954583e+03  -1.1928571e-01
   1.9955417e+03  -1.4119048e-01
   1.9956250e+03  -7.8333333e-02
   1.9957083e+03   6.2857143e-02
   1.9957917e+03  -8.3333333e-02
   1.9958750e+03   3.1476190e-01
   1.9959583e+03   2.4928571e-01
   1.9960417e+03  -7.0238095e-02
   1.9961250e+03   3.1904762e-02
   1.9962083e+03  -1.5285714e-01
   1.9962917e+03  -3.2452381e-01
   1.9963750e+03  -3.8809524e-02
   1.9964583e+03   5.2071429e-01
   1.9965417e+03   1.0288095e+00
   1.9966250e+03   1.3616667e+00
   1.9967083e+03   1.5628571e+00
   1.9967917e+03   1.2466667e+00
   1.9968750e+03  -4.5238095e-02
   1.9969583e+03   1.8928571e-01
   1.9970417e+03   1.6976190e-01
   1.9971250e+03   3.2190476e-01
   1.9972083e+03   1.9714286e-01
   1.9972917e+03   1.5476190e-02
   1.9973750e+03   5.1190476e-02
   1.9974583e+03   1.8071429e-01
   1.9975417e+03   2.7880952e-01
   1.9976250e+03   4.7166667e-01
   1.9977083e+03   6.7285714e-01
   1.9977917e+03   4.2666667e-01
   1.9978750e+03   2.3476190e-01
   1.9979583e+03   4.0928571e-01
   1.9980417e+03   4.6976190e-01
   1.9981250e+03   6.3190476e-01
   1.9982083e+03   3.2714286e-01
   1.9982917e+03   3.4547619e-01
   1.9983750e+03   4.6119048e-01
   1.9984583e+03   1.5071429e-01
   1.9985417e+03   2.8880952e-01
   1.9986250e+03   6.9166667e-01
   1.9987083e+03   5.2285714e-01
   1.9987917e+03   5.3666667e-01
   1.9988750e+03  -5.2380952e-03
   1.9989583e+03   8.9285714e-02
   1.9990417e+03   1.0976190e-01
   1.9991250e+03   1.9190476e-01
   1.9992083e+03   1.2714286e-01
   1.9992917e+03   5.3547619e-01
   1.9993750e+03   6.2119048e-01
   1.9994583e+03   2.2071429e-01
   1.9995417e+03   3.5880952e-01
   1.9996250e+03   4.1166667e-01
   1.9997083e+03   1.0285714e-01
   1.9997917e+03   6.8666667e-01
   1.9998750e+03   3.5476190e-01
   1.9999583e+03  -3.0714286e-02
   2.0000417e+03  -3.0238095e-02
   2.0001250e+03   2.1904762e-02
   2.0002083e+03  -5.2857143e-02
   2.0002917e+03   1.5476190e-02
   2.0003750e+03   2.1190476e-02
   2.0004583e+03   1.1071429e-01
   2.0005417e+03   3.7880952e-01
   2.0006250e+03   3.5166667e-01
   2.0007083e+03   2.3285714e-01
   2.0007917e+03   4.6666667e-01
   2.0008750e+03  -1.2523810e-01
   2.0009583e+03  -3.0714286e-02
   2.0010417e+03  -5.0238095e-02
   2.0011250e+03   9.1904762e-02
   2.0012083e+03   2.4714286e-01
   2.0012917e+03   3.1547619e-01
   2.0013750e+03   3.8119048e-01
   2.0014583e+03  -9.9285714e-02
   2.0015417e+03  -6.1190476e-02
   2.0016250e+03   6.4166667e-01
   2.0017083e+03   7.1285714e-01
   2.0017917e+03   3.8666667e-01
   2.0018750e+03   2.1476190e-01
   2.0019583e+03  -1.8071429e-01
   2.0020417e+03   1.9761905e-02
   2.0021250e+03   2.2190476e-01
   2.0022083e+03   7.7142857e-02
   2.0022917e+03  -2.4452381e-01
   2.0023750e+03  -1.5880952e-01
   2.0024583e+03   2.0714286e-02
   2.0025417e+03   1.3880952e-01
   2.0026250e+03  -2.1833333e-01
   2.0027083e+03  -1.8714286e-01
   2.0027917e+03   2.4666667e-01
   2.0028750e+03  -1.0523810e-01
   2.0029583e+03  -6.0714286e-02
   2.0030417e+03   1.3976190e-01
   2.0031250e+03   7.1904762e-02
   2.0032083e+03   2.0714286e-01
   2.0032917e+03  -3.4523810e-02
   2.0033750e+03  -1.0880952e-01
   2.0034583e+03   4.0714286e-02
   2.0035417e+03   7.8809524e-02
   2.0036250e+03   1.2166667e-01
   2.0037083e+03   1.0285714e-01
   2.0037917e+03  -6.3333333e-02
   2.0038750e+03  -3.1523810e-01
   2.0039583e+03  -8.0714286e-02
   2.0040417e+03  -2.2023810e-01
   2.0041250e+03  -2.0809524e-01
   2.0042083e+03  -2.8285714e-01
   2.0042917e+03  -5.5452381e-01
   2.0043750e+03  -5.6880952e-01
   2.0044583e+03  -1.0928571e-01
   2.0045417e+03   2.9880952e-01
   2.0046250e+03   3.1666667e-02
   2.0047083e+03  -3.7142857e-02
   2.0047917e+03   1.6666667e-02
   2.0048750e+03  -1.0523810e-01
   2.0049583e+03  -1.2071429e-01
   2.0050417e+03  -5.9023810e-01
   2.0051250e+03  -7.4809524e-01
   2.0052083e+03  -5.8285714e-01
   2.0052917e+03  -4.5452381e-01
   2.0053750e+03  -2.1880952e-01
   2.0054583e+03  -3.9928571e-01
   2.0055417e+03  -4.8119048e-01
   2.0056250e+03  -5.1833333e-01
   2.0057083e+03  -5.1714286e-01
   2.0057917e+03  -5.6333333e-01
   2.0058750e+03  -2.2523810e-01
   2.0059583e+03  -4.4071429e-01
   2.0060417e+03  -7.8023810e-01
   2.0061250e+03  -7.9809524e-01
   2.0062083e+03  -8.5285714e-01
   2.0062917e+03  -6.3452381e-01
   2.0063750e+03  -6.0880952e-01
   2.0064583e+03  -6.3928571e-01
   2.0065417e+03  -6.7119048e-01
   2.0066250e+03  -3.1833333e-01
   2.0067083e+03  -1.5714286e-01
   2.0067917e+03  -3.7333333e-01
   2.0068750e+03  -7.8523810e-01
   2.0069583e+03  -7.2071429e-01
   2.0070417e+03  -5.5023810e-01
   2.0071250e+03  -6.0809524e-01
   2.0072083e+03  -7.3285714e-01
   2.0072917e+03  -6.9452381e-01
   2.0073750e+03  -3.4880952e-01
   2.0074583e+03  -3.3928571e-01
   2.0075417e+03  -1.1911905e+00
   2.0076250e+03  -1.4783333e+00
   2.0077083e+03  -1.7471429e+00
   2.0077917e+03  -1.8733333e+00
   2.0078750e+03  -6.8523810e-01
   2.0079583e+03  -6.4071429e-01
   2.0080417e+03  -3.6023810e-01
   2.0081250e+03  -1.6809524e-01
   2.0082083e+03  -9.2857143e-02
   2.0082917e+03  -1.9452381e-01
   2.0083750e+03  -1.5880952e-01
   2.0084583e+03  -3.4928571e-01
   2.0085417e+03  -4.5119048e-01
   2.0086250e+03  -9.0833333e-01
   2.0087083e+03  -1.3271429e+00
   2.0087917e+03  -5.6333333e-01
   2.0088750e+03  -1.0523810e-01
   2.0089583e+03  -3.1071429e-01
   2.0090417e+03  -3.4023810e-01
   2.0091250e+03  -3.0809524e-01
   2.0092083e+03  -2.9285714e-01
   2.0092917e+03  -4.4523810e-02
   2.0093750e+03   6.1190476e-02
   2.0094583e+03  -2.3928571e-01
   2.0095417e+03  -6.6119048e-01
   2.0096250e+03  -6.7833333e-01
   2.0097083e+03  -7.5714286e-01
   2.0097917e+03  -9.9333333e-01
   2.0098750e+03  -6.7523810e-01
   2.0099583e+03  -4.7071429e-01
   2.0100417e+03  -5.1023810e-01
   2.0101250e+03  -5.3809524e-01
   2.0102083e+03  -1.3285714e-01
   2.0102917e+03   1.1547619e-01
   2.0103750e+03  -2.5880952e-01
   2.0104583e+03  -9.6928571e-01
   2.0105417e+03  -1.0611905e+00
   2.0106250e+03  -9.4833333e-01
   2.0107083e+03  -1.1471429e+00
   2.0107917e+03  -9.3333333e-01
   2.0108750e+03  -8.3523810e-01
   2.0109583e+03  -8.4071429e-01
   2.0110417e+03  -7.9023810e-01
   2.0111250e+03  -7.5809524e-01
   2.0112083e+03  -7.2285714e-01
   2.0112917e+03  -4.3452381e-01
   2.0113750e+03  -4.4880952e-01
   2.0114583e+03  -8.0928571e-01
   2.0115417e+03  -1.4111905e+00
   2.0116250e+03  -1.3183333e+00
   2.0117083e+03  -1.4571429e+00
   2.0117917e+03  -1.4533333e+00
   2.0118750e+03  -6.7523810e-01
   2.0119583e+03  -5.2071429e-01
   2.0120417e+03  -5.2023810e-01
   2.0121250e+03  -5.6809524e-01
   2.0122083e+03  -7.2857143e-02
   2.0122917e+03   8.5476190e-02
   2.0123750e+03  -1.1880952e-01
   2.0124583e+03  -8.8928571e-01
   2.0125417e+03  -1.4611905e+00
   2.0126250e+03  -2.0983333e+00
   2.0127083e+03  -2.4471429e+00
   2.0127917e+03  -2.0233333e+00
   2.0128750e+03  -1.0552381e+00
   2.0129583e+03  -6.6071429e-01
   2.0130417e+03  -5.5023810e-01
   2.0131250e+03  -3.9809524e-01
   2.0132083e+03  -2.4285714e-01
   2.0132917e+03  -2.4452381e-01
   2.0133750e+03  -1.2880952e-01
   2.0134583e+03  -1.9928571e-01
   2.0135417e+03  -1.0011905e+00
   2.0136250e+03  -8.0833333e-01
   2.0137083e+03  -8.0714286e-01
   2.0137917e+03  -4.6333333e-01
   2.0138750e+03  -5.0523810e-01
   2.0139583e+03  -4.9071429e-01
   2.0140417e+03  -6.0023810e-01
   2.0141250e+03  -6.9809524e-01
   2.0142083e+03  -5.1285714e-01
   2.0142917e+03  -4.5452381e-01
   2.0143750e+03  -4.2880952e-01
   2.0144583e+03  -5.2928571e-01
   2.0145417e+03  -1.0211905e+00
   2.0146250e+03  -7.3833333e-01
   2.0147083e+03  -7.9714286e-01
   2.0147917e+03  -6.8333333e-01
   2.0148750e+03  -3.3523810e-01
   2.0149583e+03  -3.2071429e-01
   2.0150417e+03  -6.5023810e-01
   2.0151250e+03  -7.1809524e-01
   2.0152083e+03  -9.0285714e-01
   2.0152917e+03  -6.5452381e-01
   2.0153750e+03  -6.5880952e-01
   2.0154583e+03  -6.7928571e-01
   2.0155417e+03  -7.5119048e-01
   2.0156250e+03  -1.2183333e+00
   2.0157083e+03  -1.3971429e+00
   2.0157917e+03  -9.4333333e-01
   2.0158750e+03  -5.9523810e-01
   2.0159583e+03  -6.3071429e-01
   2.0160417e+03  -7.9023810e-01
   2.0161250e+03  -9.1809524e-01
   2.0162083e+03  -8.7285714e-01
   2.0162917e+03  -8.6452381e-01
   2.0163750e+03  -1.2088095e+00
   2.0164583e+03  -1.1492857e+00
   2.0165417e+03  -1.1911905e+00
   2.0166250e+03  -1.4483333e+00
   2.0167083e+03  -1.4871429e+00
   2.0167917e+03  -1.8333333e+00
   2.0168750e+03  -1.7852381e+00
   2.0169583e+03  -1.2107143e+00
   2.0170417e+03  -1.0602381e+00
   2.0171250e+03  -9.9809524e-01
   2.0172083e+03  -9.8285714e-01
   2.0172917e+03  -7.9452381e-01
   2.0173750e+03  -4.9880952e-01
   2.0174583e+03  -7.9928571e-01
   2.0175417e+03  -1.1911905e+00
   2.0176250e+03  -1.3383333e+00
   2.0177083e+03  -1.1971429e+00
   2.0177917e+03  -1.1433333e+00
   2.0178750e+03  -9.5523810e-01
   2.0179583e+03  -9.3071429e-01
   2.0180417e+03  -1.1702381e+00
   2.0181250e+03  -1.1480952e+00
   2.0182083e+03  -9.7285714e-01
   2.0182917e+03  -8.4452381e-01
   2.0183750e+03  -8.9880952e-01
   2.0184583e+03  -7.7928571e-01
   2.0185417e+03  -8.6119048e-01
   2.0186250e+03  -1.2083333e+00
   2.0187083e+03  -1.2271429e+00
   2.0187917e+03  -1.7833333e+00
   2.0188750e+03  -6.2523810e-01
   2.0189583e+03  -8.1071429e-01
   2.0190417e+03  -6.8023810e-01
   2.0191250e+03  -7.2809524e-01
   2.0192083e+03  -7.0285714e-01
   2.0192917e+03  -1.1145238e+00
   2.0193750e+03  -9.3880952e-01
   2.0194583e+03  -9.6928571e-01
   2.0195417e+03  -1.5411905e+00
   2.0196250e+03  -1.7883333e+00
   2.0197083e+03  -1.6571429e+00
   2.0197917e+03  -2.1833333e+00
   2.0198750e+03  -1.0952381e+00
   2.0199583e+03  -7.7071429e-01
   2.0200417e+03  -6.0023810e-01
   2.0201250e+03  -4.3809524e-01
   2.0202083e+03  -4.9285714e-01
   2.0202917e+03  -8.1452381e-01
   2.0203750e+03  -7.6880952e-01
   2.0204583e+03  -9.7928571e-01
   2.0205417e+03  -1.8511905e+00
   2.0206250e+03  -1.7383333e+00
   2.0207083e+03  -2.0971429e+00
   2.0207917e+03  -2.6333333e+00
   2.0208750e+03  -1.4552381e+00
   2.0209583e+03  -9.0071429e-01
