   1.9790000e+03   1.5410000e+01
   1.9790833e+03   1.6180000e+01
   1.9791667e+03   1.6340000e+01
   1.9792500e+03   1.5450000e+01
   1.9793333e+03   1.3860000e+01
   1.9794167e+03   1.2530000e+01
   1.9795000e+03   1.0310000e+01
   1.9795833e+03   8.0400000e+00
   1.9796667e+03   7.0500000e+00
   1.9797500e+03   8.7500000e+00
   1.9798333e+03   1.0940000e+01
   1.9799167e+03   1.3340000e+01
   1.9800000e+03   1.4860000e+01
   1.9800833e+03   1.5960000e+01
   1.9801667e+03   1.6040000e+01
   1.9802500e+03   1.5430000e+01
   1.9803333e+03   1.3790000e+01
   1.9804167e+03   1.2200000e+01
   1.9805000e+03   1.0100000e+01
   1.9805833e+03   7.9800000e+00
   1.9806667e+03   7.6700000e+00
   1.9807500e+03   9.1800000e+00
   1.9808333e+03   1.1380000e+01
   1.9809167e+03   1.3590000e+01
   1.9810000e+03   1.4910000e+01
   1.9810833e+03   1.5600000e+01
   1.9811667e+03   1.5630000e+01
   1.9812500e+03   1.5010000e+01
   1.9813333e+03   1.3800000e+01
   1.9814167e+03   1.2430000e+01
   1.9815000e+03   1.0270000e+01
   1.9815833e+03   7.8400000e+00
   1.9816667e+03   7.1400000e+00
   1.9817500e+03   8.8600000e+00
   1.9818333e+03   1.0930000e+01
   1.9819167e+03   1.3340000e+01
   1.9820000e+03   1.5180000e+01
   1.9820833e+03   1.5970000e+01
   1.9821667e+03   1.6040000e+01
   1.9822500e+03   1.5470000e+01
   1.9823333e+03   1.3970000e+01
   1.9824167e+03   1.2480000e+01
   1.9825000e+03   1.0370000e+01
   1.9825833e+03   8.1400000e+00
   1.9826667e+03   7.3000000e+00
   1.9827500e+03   9.4200000e+00
   1.9828333e+03   1.1630000e+01
   1.9829167e+03   1.3640000e+01
   1.9830000e+03   1.4940000e+01
   1.9830833e+03   1.6010000e+01
   1.9831667e+03   1.6090000e+01
   1.9832500e+03   1.5170000e+01
   1.9833333e+03   1.3490000e+01
   1.9834167e+03   1.2300000e+01
   1.9835000e+03   1.0570000e+01
   1.9835833e+03   8.1900000e+00
   1.9836667e+03   7.3900000e+00
   1.9837500e+03   9.3300000e+00
   1.9838333e+03   1.1460000e+01
   1.9839167e+03   1.3300000e+01
   1.9840000e+03   1.4470000e+01
   1.9840833e+03   1.5300000e+01
   1.9841667e+03   1.5580000e+01
   1.9842500e+03   1.5010000e+01
   1.9843333e+03   1.3580000e+01
   1.9844167e+03   1.2150000e+01
   1.9845000e+03   9.9800000e+00
   1.9845833e+03   7.7700000e+00
   1.9846667e+03   6.8100000e+00
   1.9847500e+03   8.5600000e+00
   1.9848333e+03   1.0840000e+01
   1.9849167e+03   1.2990000e+01
   1.9850000e+03   1.4720000e+01
   1.9850833e+03   1.5470000e+01
   1.9851667e+03   1.5890000e+01
   1.9852500e+03   1.5360000e+01
   1.9853333e+03   1.4070000e+01
   1.9854167e+03   1.2220000e+01
   1.9855000e+03   9.7400000e+00
   1.9855833e+03   7.4000000e+00
   1.9856667e+03   6.7000000e+00
   1.9857500e+03   8.5500000e+00
   1.9858333e+03   1.1020000e+01
   1.9859167e+03   1.3050000e+01
   1.9860000e+03   1.4890000e+01
   1.9860833e+03   1.5780000e+01
   1.9861667e+03   1.5910000e+01
   1.9862500e+03   1.5060000e+01
   1.9863333e+03   1.3380000e+01
   1.9864167e+03   1.1980000e+01
   1.9865000e+03   1.0150000e+01
   1.9865833e+03   7.9800000e+00
   1.9866667e+03   7.4100000e+00
   1.9867500e+03   9.4800000e+00
   1.9868333e+03   1.1450000e+01
   1.9869167e+03   1.3220000e+01
   1.9870000e+03   1.4970000e+01
   1.9870833e+03   1.6050000e+01
   1.9871667e+03   1.5820000e+01
   1.9872500e+03   1.5210000e+01
   1.9873333e+03   1.3740000e+01
   1.9874167e+03   1.2490000e+01
   1.9875000e+03   1.0330000e+01
   1.9875833e+03   7.6300000e+00
   1.9876667e+03   7.2800000e+00
   1.9877500e+03   9.0500000e+00
   1.9878333e+03   1.1220000e+01
   1.9879167e+03   1.3420000e+01
   1.9880000e+03   1.4960000e+01
   1.9880833e+03   1.5580000e+01
   1.9881667e+03   1.5960000e+01
   1.9882500e+03   1.5120000e+01
   1.9883333e+03   1.3560000e+01
   1.9884167e+03   1.1940000e+01
   1.9885000e+03   9.8100000e+00
   1.9885833e+03   7.8900000e+00
   1.9886667e+03   7.3700000e+00
   1.9887500e+03   9.1300000e+00
   1.9888333e+03   1.1330000e+01
   1.9889167e+03   1.3630000e+01
   1.9890000e+03   1.4950000e+01
   1.9890833e+03   1.5500000e+01
   1.9891667e+03   1.5420000e+01
   1.9892500e+03   1.4330000e+01
   1.9893333e+03   1.3040000e+01
   1.9894167e+03   1.2240000e+01
   1.9895000e+03   1.0130000e+01
   1.9895833e+03   7.8800000e+00
   1.9896667e+03   7.0100000e+00
   1.9897500e+03   8.8300000e+00
   1.9898333e+03   1.1120000e+01
   1.9899167e+03   1.3390000e+01
   1.9900000e+03   1.4780000e+01
   1.9900833e+03   1.5580000e+01
   1.9901667e+03   1.5870000e+01
   1.9902500e+03   1.4650000e+01
   1.9903333e+03   1.3230000e+01
   1.9904167e+03   1.1640000e+01
   1.9905000e+03   9.2500000e+00
   1.9905833e+03   6.8000000e+00
   1.9906667e+03   6.1400000e+00
   1.9907500e+03   8.4800000e+00
   1.9908333e+03   1.1080000e+01
   1.9909167e+03   1.3110000e+01
   1.9910000e+03   1.4360000e+01
   1.9910833e+03   1.5250000e+01
   1.9911667e+03   1.5420000e+01
   1.9912500e+03   1.4860000e+01
   1.9913333e+03   1.3470000e+01
   1.9914167e+03   1.2110000e+01
   1.9915000e+03   9.5100000e+00
   1.9915833e+03   7.4200000e+00
   1.9916667e+03   6.4700000e+00
   1.9917500e+03   8.5400000e+00
   1.9918333e+03   1.0880000e+01
   1.9919167e+03   1.2950000e+01
   1.9920000e+03   1.4640000e+01
   1.9920833e+03   1.5460000e+01
   1.9921667e+03   1.5480000e+01
   1.9922500e+03   1.4680000e+01
   1.9923333e+03   1.3220000e+01
   1.9924167e+03   1.2150000e+01
   1.9925000e+03   1.0320000e+01
   1.9925833e+03   7.9300000e+00
   1.9926667e+03   7.4700000e+00
   1.9927500e+03   9.3200000e+00
   1.9928333e+03   1.1380000e+01
   1.9929167e+03   1.3410000e+01
   1.9930000e+03   1.4900000e+01
   1.9930833e+03   1.5690000e+01
   1.9931667e+03   1.5810000e+01
   1.9932500e+03   1.5080000e+01
   1.9933333e+03   1.3370000e+01
   1.9934167e+03   1.1870000e+01
   1.9935000e+03   9.4800000e+00
   1.9935833e+03   7.3300000e+00
   1.9936667e+03   6.4000000e+00
   1.9937500e+03   8.7900000e+00
   1.9938333e+03   1.1320000e+01
   1.9939167e+03   1.3320000e+01
   1.9940000e+03   1.4730000e+01
   1.9940833e+03   1.5560000e+01
   1.9941667e+03   1.5550000e+01
   1.9942500e+03   1.4890000e+01
   1.9943333e+03   1.3620000e+01
   1.9944167e+03   1.2020000e+01
   1.9945000e+03   9.9300000e+00
   1.9945833e+03   7.6400000e+00
   1.9946667e+03   7.1400000e+00
   1.9947500e+03   8.9200000e+00
   1.9948333e+03   1.1120000e+01
   1.9949167e+03   1.3270000e+01
   1.9950000e+03   1.4590000e+01
   1.9950833e+03   1.5230000e+01
   1.9951667e+03   1.5260000e+01
   1.9952500e+03   1.4450000e+01
   1.9953333e+03   1.2970000e+01
   1.9954167e+03   1.1440000e+01
   1.9955000e+03   8.9900000e+00
   1.9955833e+03   6.7400000e+00
   1.9956667e+03   6.0800000e+00
   1.9957500e+03   7.8300000e+00
   1.9958333e+03   1.0760000e+01
   1.9959167e+03   1.2920000e+01
   1.9960000e+03   1.4180000e+01
   1.9960833e+03   1.5150000e+01
   1.9961667e+03   1.5120000e+01
   1.9962500e+03   1.4220000e+01
   1.9963333e+03   1.3090000e+01
   1.9964167e+03   1.2080000e+01
   1.9965000e+03   1.0160000e+01
   1.9965833e+03   8.1800000e+00
   1.9966667e+03   7.5800000e+00
   1.9967500e+03   9.1600000e+00
   1.9968333e+03   1.0400000e+01
   1.9969167e+03   1.2860000e+01
   1.9970000e+03   1.4420000e+01
   1.9970833e+03   1.5440000e+01
   1.9971667e+03   1.5470000e+01
   1.9972500e+03   1.4560000e+01
   1.9973333e+03   1.3180000e+01
   1.9974167e+03   1.1740000e+01
   1.9975000e+03   9.4100000e+00
   1.9975833e+03   7.2900000e+00
   1.9976667e+03   6.6900000e+00
   1.9977500e+03   8.3400000e+00
   1.9978333e+03   1.0680000e+01
   1.9979167e+03   1.3080000e+01
   1.9980000e+03   1.4720000e+01
   1.9980833e+03   1.5750000e+01
   1.9981667e+03   1.5600000e+01
   1.9982500e+03   1.4890000e+01
   1.9983333e+03   1.3590000e+01
   1.9984167e+03   1.1710000e+01
   1.9985000e+03   9.4200000e+00
   1.9985833e+03   7.5100000e+00
   1.9986667e+03   6.5400000e+00
   1.9987500e+03   8.4500000e+00
   1.9988333e+03   1.0440000e+01
   1.9989167e+03   1.2760000e+01
   1.9990000e+03   1.4360000e+01
   1.9990833e+03   1.5310000e+01
   1.9991667e+03   1.5400000e+01
   1.9992500e+03   1.5080000e+01
   1.9993333e+03   1.3750000e+01
   1.9994167e+03   1.1780000e+01
   1.9995000e+03   9.4900000e+00
   1.9995833e+03   7.2300000e+00
   1.9996667e+03   6.1200000e+00
   1.9997500e+03   8.6000000e+00
   1.9998333e+03   1.0800000e+01
   1.9999167e+03   1.2640000e+01
   2.0000000e+03   1.4220000e+01
   2.0000833e+03   1.5140000e+01
   2.0001667e+03   1.5220000e+01
   2.0002500e+03   1.4560000e+01
   2.0003333e+03   1.3150000e+01
   2.0004167e+03   1.1670000e+01
   2.0005000e+03   9.5100000e+00
   2.0005833e+03   7.1700000e+00
   2.0006667e+03   6.2500000e+00
   2.0007500e+03   8.3800000e+00
   2.0008333e+03   1.0320000e+01
   2.0009167e+03   1.2640000e+01
   2.0010000e+03   1.4200000e+01
   2.0010833e+03   1.5210000e+01
   2.0011667e+03   1.5520000e+01
   2.0012500e+03   1.4860000e+01
   2.0013333e+03   1.3510000e+01
   2.0014167e+03   1.1460000e+01
   2.0015000e+03   9.0700000e+00
   2.0015833e+03   7.4600000e+00
   2.0016667e+03   6.7300000e+00
   2.0017500e+03   8.3000000e+00
   2.0018333e+03   1.0660000e+01
   2.0019167e+03   1.2490000e+01
   2.0020000e+03   1.4270000e+01
   2.0020833e+03   1.5340000e+01
   2.0021667e+03   1.5350000e+01
   2.0022500e+03   1.4300000e+01
   2.0023333e+03   1.2970000e+01
   2.0024167e+03   1.1580000e+01
   2.0025000e+03   9.2700000e+00
   2.0025833e+03   6.6000000e+00
   2.0026667e+03   5.8300000e+00
   2.0027500e+03   8.1600000e+00
   2.0028333e+03   1.0340000e+01
   2.0029167e+03   1.2610000e+01
   2.0030000e+03   1.4390000e+01
   2.0030833e+03   1.5190000e+01
   2.0031667e+03   1.5480000e+01
   2.0032500e+03   1.4510000e+01
   2.0033333e+03   1.3020000e+01
   2.0034167e+03   1.1600000e+01
   2.0035000e+03   9.2100000e+00
   2.0035833e+03   6.9400000e+00
   2.0036667e+03   6.1200000e+00
   2.0037500e+03   7.8500000e+00
   2.0038333e+03   1.0130000e+01
   2.0039167e+03   1.2590000e+01
   2.0040000e+03   1.4030000e+01
   2.0040833e+03   1.4910000e+01
   2.0041667e+03   1.4990000e+01
   2.0042500e+03   1.3990000e+01
   2.0043333e+03   1.2560000e+01
   2.0044167e+03   1.1450000e+01
   2.0045000e+03   9.4300000e+00
   2.0045833e+03   6.8500000e+00
   2.0046667e+03   5.9800000e+00
   2.0047500e+03   7.9300000e+00
   2.0048333e+03   1.0340000e+01
   2.0049167e+03   1.2550000e+01
   2.0050000e+03   1.3660000e+01
   2.0050833e+03   1.4370000e+01
   2.0051667e+03   1.4690000e+01
   2.0052500e+03   1.4090000e+01
   2.0053333e+03   1.2910000e+01
   2.0054167e+03   1.1160000e+01
   2.0055000e+03   8.6500000e+00
   2.0055833e+03   6.3000000e+00
   2.0056667e+03   5.5000000e+00
   2.0057500e+03   7.3500000e+00
   2.0058333e+03   1.0220000e+01
   2.0059167e+03   1.2230000e+01
   2.0060000e+03   1.3470000e+01
   2.0060833e+03   1.4320000e+01
   2.0061667e+03   1.4420000e+01
   2.0062500e+03   1.3910000e+01
   2.0063333e+03   1.2520000e+01
   2.0064167e+03   1.0920000e+01
   2.0065000e+03   8.4600000e+00
   2.0065833e+03   6.5000000e+00
   2.0066667e+03   5.8600000e+00
   2.0067500e+03   7.5400000e+00
   2.0068333e+03   9.6600000e+00
   2.0069167e+03   1.1950000e+01
   2.0070000e+03   1.3700000e+01
   2.0070833e+03   1.4510000e+01
   2.0071667e+03   1.4540000e+01
   2.0072500e+03   1.3850000e+01
   2.0073333e+03   1.2780000e+01
   2.0074167e+03   1.1220000e+01
   2.0075000e+03   7.9400000e+00
   2.0075833e+03   5.3400000e+00
   2.0076667e+03   4.2700000e+00
   2.0077500e+03   6.0400000e+00
   2.0078333e+03   9.7600000e+00
   2.0079167e+03   1.2030000e+01
   2.0080000e+03   1.3890000e+01
   2.0080833e+03   1.4950000e+01
   2.0081667e+03   1.5180000e+01
   2.0082500e+03   1.4350000e+01
   2.0083333e+03   1.2970000e+01
   2.0084167e+03   1.1210000e+01
   2.0085000e+03   8.6800000e+00
   2.0085833e+03   5.9100000e+00
   2.0086667e+03   4.6900000e+00
   2.0087500e+03   7.3500000e+00
   2.0088333e+03   1.0340000e+01
   2.0089167e+03   1.2360000e+01
   2.0090000e+03   1.3910000e+01
   2.0090833e+03   1.4810000e+01
   2.0091667e+03   1.4980000e+01
   2.0092500e+03   1.4500000e+01
   2.0093333e+03   1.3190000e+01
   2.0094167e+03   1.1320000e+01
   2.0095000e+03   8.4700000e+00
   2.0095833e+03   6.1400000e+00
   2.0096667e+03   5.2600000e+00
   2.0097500e+03   6.9200000e+00
   2.0098333e+03   9.7700000e+00
   2.0099167e+03   1.2200000e+01
   2.0100000e+03   1.3740000e+01
   2.0100833e+03   1.4580000e+01
   2.0101667e+03   1.5140000e+01
   2.0102500e+03   1.4660000e+01
   2.0103333e+03   1.2870000e+01
   2.0104167e+03   1.0590000e+01
   2.0105000e+03   8.0700000e+00
   2.0105833e+03   5.8700000e+00
   2.0106667e+03   4.8700000e+00
   2.0107500e+03   6.9800000e+00
   2.0108333e+03   9.6100000e+00
   2.0109167e+03   1.1830000e+01
   2.0110000e+03   1.3460000e+01
   2.0110833e+03   1.4360000e+01
   2.0111667e+03   1.4550000e+01
   2.0112500e+03   1.4110000e+01
   2.0113333e+03   1.2680000e+01
   2.0114167e+03   1.0750000e+01
   2.0115000e+03   7.7200000e+00
   2.0115833e+03   5.5000000e+00
   2.0116667e+03   4.5600000e+00
   2.0117500e+03   6.4600000e+00
   2.0118333e+03   9.7700000e+00
   2.0119167e+03   1.2150000e+01
   2.0120000e+03   1.3730000e+01
   2.0120833e+03   1.4550000e+01
   2.0121667e+03   1.5200000e+01
   2.0122500e+03   1.4630000e+01
   2.0123333e+03   1.3010000e+01
   2.0124167e+03   1.0670000e+01
   2.0125000e+03   7.6700000e+00
   2.0125833e+03   4.7200000e+00
   2.0126667e+03   3.5700000e+00
   2.0127500e+03   5.8900000e+00
   2.0128333e+03   9.3900000e+00
   2.0129167e+03   1.2010000e+01
   2.0130000e+03   1.3700000e+01
   2.0130833e+03   1.4720000e+01
   2.0131667e+03   1.5030000e+01
   2.0132500e+03   1.4300000e+01
   2.0133333e+03   1.3000000e+01
   2.0134167e+03   1.1360000e+01
   2.0135000e+03   8.1300000e+00
   2.0135833e+03   6.0100000e+00
   2.0136667e+03   5.2100000e+00
   2.0137500e+03   7.4500000e+00
   2.0138333e+03   9.9400000e+00
   2.0139167e+03   1.2180000e+01
   2.0140000e+03   1.3650000e+01
   2.0140833e+03   1.4420000e+01
   2.0141667e+03   1.4760000e+01
   2.0142500e+03   1.4090000e+01
   2.0143333e+03   1.2700000e+01
   2.0144167e+03   1.1030000e+01
   2.0145000e+03   8.1100000e+00
   2.0145833e+03   6.0800000e+00
   2.0146667e+03   5.2200000e+00
   2.0147500e+03   7.2300000e+00
   2.0148333e+03   1.0110000e+01
   2.0149167e+03   1.2350000e+01
   2.0150000e+03   1.3600000e+01
   2.0150833e+03   1.4400000e+01
   2.0151667e+03   1.4370000e+01
   2.0152500e+03   1.3890000e+01
   2.0153333e+03   1.2470000e+01
   2.0154167e+03   1.0880000e+01
   2.0155000e+03   8.3800000e+00
   2.0155833e+03   5.6000000e+00
   2.0156667e+03   4.6200000e+00
   2.0157500e+03   6.9700000e+00
   2.0158333e+03   9.8500000e+00
   2.0159167e+03   1.2040000e+01
   2.0160000e+03   1.3460000e+01
   2.0160833e+03   1.4200000e+01
   2.0161667e+03   1.4400000e+01
   2.0162500e+03   1.3680000e+01
   2.0163333e+03   1.1920000e+01
   2.0164167e+03   1.0410000e+01
   2.0165000e+03   7.9400000e+00
   2.0165833e+03   5.3700000e+00
   2.0166667e+03   4.5300000e+00
   2.0167500e+03   6.0800000e+00
   2.0168333e+03   8.6600000e+00
   2.0169167e+03   1.1460000e+01
   2.0170000e+03   1.3190000e+01
   2.0170833e+03   1.4120000e+01
   2.0171667e+03   1.4290000e+01
   2.0172500e+03   1.3750000e+01
   2.0173333e+03   1.2630000e+01
   2.0174167e+03   1.0760000e+01
   2.0175000e+03   7.9400000e+00
   2.0175833e+03   5.4800000e+00
   2.0176667e+03   4.8200000e+00
   2.0177500e+03   6.7700000e+00
   2.0178333e+03   9.4900000e+00
   2.0179167e+03   1.1740000e+01
   2.0180000e+03   1.3080000e+01
   2.0180833e+03   1.3970000e+01
   2.0181667e+03   1.4300000e+01
   2.0182500e+03   1.3700000e+01
   2.0183333e+03   1.2230000e+01
   2.0184167e+03   1.0780000e+01
   2.0185000e+03   8.2700000e+00
   2.0185833e+03   5.6100000e+00
   2.0186667e+03   4.7900000e+00
   2.0187500e+03   6.1300000e+00
   2.0188333e+03   9.8200000e+00
   2.0189167e+03   1.1860000e+01
   2.0190000e+03   1.3570000e+01
   2.0190833e+03   1.4390000e+01
   2.0191667e+03   1.4570000e+01
   2.0192500e+03   1.3430000e+01
   2.0193333e+03   1.2190000e+01
   2.0194167e+03   1.0590000e+01
   2.0195000e+03   7.5900000e+00
   2.0195833e+03   5.0300000e+00
   2.0196667e+03   4.3600000e+00
   2.0197500e+03   5.7300000e+00
   2.0198333e+03   9.3500000e+00
   2.0199167e+03   1.1900000e+01
   2.0200000e+03   1.3650000e+01
   2.0200833e+03   1.4680000e+01
   2.0201667e+03   1.4780000e+01
   2.0202500e+03   1.3730000e+01
   2.0203333e+03   1.2360000e+01
   2.0204167e+03   1.0580000e+01
   2.0205000e+03   7.2800000e+00
   2.0205833e+03   5.0800000e+00
   2.0206667e+03   3.9200000e+00
   2.0207500e+03   5.2800000e+00
   2.0208333e+03   8.9900000e+00
   2.0209167e+03   1.1770000e+01
